y: 0.637091
z: 0
rotation_angle: 135.1209356710669
x: -1.519099